//////////////-----------单
7E 10 00 00 01 00 00 00 02 01 00 31 02   系统启动
7E 10 00 00 01 00 00 00 02 00 00 30 92   系统停止
7E 10 00 00 01 00 00 00 02 01 01 F0 C2   起动工况
7E 10 00 00 01 00 00 00 02 01 02 B0 C3   低速行驶
7E 10 00 00 01 00 00 00 02 01 03 71 03   正常行驶
7E 10 00 00 01 00 00 00 02 01 04 30 C1   高速行驶
7E 10 00 00 01 00 00 00 02 01 05 F1 01   能量回收
7E 10 00 00 01 00 00 00 02 01 06 B1 00   行驶工况
7E 10 00 00 01 00 00 00 02 01 07 70 C0   停车充电

//////////////-----------双

7E 10 00 00 01 00 00 00 02 01 00 31 02   系统启动
7E 10 00 00 01 00 00 00 02 00 00 30 92   系统停止
7E 10 00 00 01 00 00 00 02 01 01 F0 C2   起动工况
7E 10 00 00 01 00 00 00 02 01 02 B0 C3   低速行驶
7E 10 00 00 01 00 00 00 02 01 03 71 03   正常行驶（串联）
7E 10 00 00 01 00 00 00 02 01 04 30 C1   正常行驶（并联）
7E 10 00 00 01 00 00 00 02 01 05 F1 01	 剩余容量充电
7E 10 00 00 01 00 00 00 02 01 06 B1 00   高速行驶
7E 10 00 00 01 00 00 00 02 01 07 70 C0   能量回收
7E 10 00 00 01 00 00 00 02 01 08 30 C4   停驶工况
7E 10 00 00 01 00 00 00 02 01 09 F1 04   停车充电
7E 10 00 00 01 00 00 00 02 01 0A B1 05   外插充电

